function rho = rho_isa(h)
    rho = 1.224265 - 1.16122e-4.*h + 3.69108e-9.*h.^2;
end