function a = soundspeed(h)
    a = 340.294 - 3.83212e-3.*h - 2.40784e-8.*h.^2;
end